-4 -10.8187
-3.99131 -10.7842
-3.98263 -10.7498
-3.97396 -10.7154
-3.96525 -10.6809
-3.95656 -10.6464
-3.94788 -10.612
-3.93919 -10.5775
-3.93052 -10.5431
-3.92183 -10.5087
-3.91314 -10.4742
-3.90445 -10.4397
-3.89579 -10.4054
-3.88709 -10.3709
-3.87841 -10.3364
-3.8697 -10.3019
-3.86103 -10.2675
-3.85235 -10.2331
-3.84366 -10.1986
-3.83496 -10.1642
-3.82629 -10.1297
-3.81759 -10.0952
-3.80891 -10.0609
-3.80022 -10.0264
-3.79153 -9.99194
-3.78286 -9.95753
-3.77417 -9.92309
-3.76548 -9.88863
-3.75679 -9.85417
-3.74812 -9.81977
-3.73943 -9.78532
-3.73074 -9.75088
-3.72205 -9.7164
-3.71336 -9.68198
-3.70467 -9.64753
-3.69598 -9.61308
-3.68731 -9.57869
-3.67863 -9.54425
-3.66993 -9.50978
-3.66124 -9.47534
-3.65257 -9.44095
-3.64388 -9.40649
-3.63519 -9.37204
-3.6265 -9.33761
-3.61782 -9.30319
-3.60914 -9.26876
-3.60045 -9.23433
-3.59176 -9.1999
-3.58308 -9.16548
-3.57438 -9.13103
-3.5657 -9.09662
-3.55702 -9.0622
-3.54834 -9.02779
-3.53964 -8.99334
-3.53096 -8.95893
-3.52227 -8.9245
-3.51358 -8.89008
-3.5049 -8.85567
-3.49622 -8.82128
-3.48753 -8.78685
-3.47885 -8.75245
-3.47016 -8.71803
-3.46148 -8.68363
-3.45279 -8.64921
-3.44411 -8.61482
-3.43542 -8.58043
-3.42673 -8.54603
-3.41805 -8.51162
-3.40936 -8.47722
-3.40067 -8.44281
-3.39199 -8.40845
-3.3833 -8.37406
-3.37462 -8.33963
-3.36593 -8.30526
-3.35725 -8.2709
-3.34856 -8.23651
-3.33987 -8.20215
-3.33119 -8.16775
-3.3225 -8.13337
-3.31381 -8.099
-3.30513 -8.06466
-3.29644 -8.03029
-3.28775 -7.99591
-3.27907 -7.96158
-3.27038 -7.92721
-3.2617 -7.89289
-3.25302 -7.85853
-3.24433 -7.8242
-3.23564 -7.78986
-3.22695 -7.7555
-3.21827 -7.72121
-3.20958 -7.68686
-3.2009 -7.65257
-3.19221 -7.61825
-3.18353 -7.58393
-3.17484 -7.54961
-3.16615 -7.51531
-3.15747 -7.48102
-3.14878 -7.44675
-3.1401 -7.41248
-3.13141 -7.37818
-3.12273 -7.34392
-3.11404 -7.30964
-3.10535 -7.27539
-3.09667 -7.24113
-3.08798 -7.20689
-3.0793 -7.17265
-3.07061 -7.13843
-3.06193 -7.1042
-3.05324 -7.06997
-3.04455 -7.03576
-3.03587 -7.00157
-3.02718 -6.96738
-3.01849 -6.93319
-3.00981 -6.89901
-3.00112 -6.86483
-2.99242 -6.83064
-2.98376 -6.79656
-2.97506 -6.76238
-2.96638 -6.72824
-2.9577 -6.69416
-2.949 -6.66001
-2.94032 -6.62593
-2.93163 -6.59181
-2.92296 -6.55778
-2.91428 -6.52373
-2.90556 -6.48959
-2.89688 -6.45555
-2.8882 -6.42153
-2.87952 -6.38755
-2.87083 -6.3535
-2.86214 -6.31952
-2.85347 -6.28558
-2.84479 -6.25162
-2.83609 -6.21765
-2.8274 -6.18368
-2.81873 -6.14981
-2.81003 -6.11588
-2.80134 -6.08197
-2.79266 -6.04812
-2.78397 -6.01422
-2.77529 -5.98041
-2.7666 -5.94658
-2.75791 -5.91276
-2.74924 -5.87902
-2.74055 -5.84525
-2.73187 -5.81151
-2.72317 -5.77775
-2.71449 -5.74406
-2.7058 -5.71035
-2.69711 -5.67667
-2.68844 -5.64308
-2.67975 -5.60945
-2.67105 -5.5758
-2.66238 -5.54228
-2.65369 -5.5087
-2.64501 -5.4752
-2.63631 -5.44166
-2.62762 -5.40817
-2.61894 -5.37473
-2.61025 -5.34128
-2.60157 -5.30792
-2.59288 -5.27452
-2.58419 -5.24117
-2.57551 -5.20787
-2.56682 -5.17457
-2.55815 -5.14135
-2.54946 -5.10812
-2.54077 -5.07492
-2.53208 -5.04174
-2.5234 -5.00862
-2.51472 -4.97554
-2.50603 -4.94246
-2.49734 -4.90942
-2.48865 -4.87642
-2.47998 -4.84348
-2.47129 -4.81056
-2.4626 -4.77765
-2.45391 -4.74482
-2.44522 -4.71199
-2.43654 -4.67924
-2.42785 -4.64648
-2.41917 -4.6138
-2.41049 -4.58117
-2.4018 -4.54856
-2.39311 -4.516
-2.38443 -4.48348
-2.37574 -4.45099
-2.36706 -4.41858
-2.35837 -4.38618
-2.34968 -4.35385
-2.341 -4.32156
-2.33231 -4.28933
-2.32363 -4.25714
-2.31494 -4.225
-2.30626 -4.19291
-2.29757 -4.16089
-2.28888 -4.12886
-2.2802 -4.09694
-2.27151 -4.06508
-2.26282 -4.03327
-2.25414 -4.00152
-2.24545 -3.96982
-2.23677 -3.93819
-2.22808 -3.90659
-2.21939 -3.87509
-2.21071 -3.84363
-2.20202 -3.81223
-2.19333 -3.78092
-2.18465 -3.74966
-2.17597 -3.7185
-2.16728 -3.68736
-2.15859 -3.65632
-2.14991 -3.62533
-2.14122 -3.59446
-2.13253 -3.56359
-2.12385 -3.53285
-2.11516 -3.50219
-2.10648 -3.47159
-2.09779 -3.44109
-2.0891 -3.41066
-2.08042 -3.38034
-2.07173 -3.35006
-2.06304 -3.31987
-2.05436 -3.28979
-2.04568 -3.25978
-2.03699 -3.22985
-2.0283 -3.20005
-2.01962 -3.17032
-2.01093 -3.14072
-2.00225 -3.11118
-1.99358 -3.08182
-1.98489 -3.0525
-1.97617 -3.02319
-1.9675 -2.99412
-1.9588 -2.96513
-1.95012 -2.93635
-1.94146 -2.90771
-1.93274 -2.87906
-1.92409 -2.85072
-1.91539 -2.82233
-1.90668 -2.79404
-1.89801 -2.76598
-1.88934 -2.738
-1.88065 -2.7101
-1.87196 -2.68234
-1.86328 -2.65474
-1.85459 -2.62726
-1.84591 -2.60002
-1.83723 -2.57287
-1.82854 -2.54592
-1.81985 -2.51911
-1.81116 -2.49246
-1.80247 -2.46603
-1.79379 -2.43977
-1.7851 -2.41365
-1.7764 -2.38767
-1.76772 -2.36191
-1.75905 -2.3364
-1.75036 -2.31101
-1.74167 -2.28581
-1.73299 -2.26083
-1.7243 -2.23601
-1.71561 -2.21144
-1.70692 -2.18706
-1.69823 -2.16289
-1.68956 -2.13902
-1.68087 -2.11528
-1.67219 -2.09182
-1.6635 -2.06856
-1.6548 -2.04548
-1.64612 -2.02271
-1.63744 -2.00018
-1.62875 -1.97786
-1.62006 -1.95578
-1.61138 -1.934
-1.60269 -1.91238
-1.59401 -1.89107
-1.58533 -1.87001
-1.57664 -1.84916
-1.56795 -1.82855
-1.55926 -1.8082
-1.55058 -1.78811
-1.54189 -1.76823
-1.53321 -1.7486
-1.52452 -1.72926
-1.51584 -1.71018
-1.50716 -1.69132
-1.49846 -1.67265
-1.48978 -1.65417
-1.48109 -1.63586
-1.47241 -1.61774
-1.46372 -1.5997
-1.45504 -1.58185
-1.44635 -1.56404
-1.43766 -1.54637
-1.42898 -1.5288
-1.4203 -1.51129
-1.41161 -1.4938
-1.40292 -1.47633
-1.39423 -1.45887
-1.38555 -1.44141
-1.37686 -1.42389
-1.36817 -1.40626
-1.35949 -1.38857
-1.3508 -1.37074
-1.34212 -1.35279
-1.33344 -1.33464
-1.32474 -1.31629
-1.31606 -1.29775
-1.30737 -1.27897
-1.29869 -1.25997
-1.29 -1.24071
-1.28132 -1.22127
-1.27263 -1.20162
-1.26395 -1.18181
-1.25526 -1.16184
-1.24657 -1.14174
-1.23788 -1.12157
-1.2292 -1.10136
-1.22052 -1.08117
-1.21183 -1.06101
-1.20314 -1.04094
-1.19446 -1.02106
-1.18577 -1.00141
-1.17709 -0.982101
-1.1684 -0.963229
-1.15971 -0.944885
-1.15103 -0.927166
-1.14234 -0.910111
-1.13365 -0.893804
-1.12497 -0.8783
-1.11629 -0.863558
-1.1076 -0.849578
-1.09891 -0.83636
-1.09022 -0.82386
-1.08154 -0.812083
-1.07286 -0.800961
-1.06417 -0.79042
-1.05548 -0.780374
-1.0468 -0.770701
-1.03811 -0.761243
-1.02943 -0.751766
-1.02074 -0.7421
-1.01205 -0.732008
-1.00337 -0.721301
-0.994691 -0.709817
-0.985984 -0.697316
-0.977324 -0.683942
-0.968632 -0.669453
-0.959952 -0.653955
-0.951248 -0.637416
-0.942562 -0.62007
-0.933898 -0.602131
-0.925184 -0.583615
-0.916497 -0.565103
-0.907806 -0.546855
-0.899147 -0.529326
-0.890455 -0.512689
-0.881768 -0.497325
-0.87309 -0.483476
-0.86439 -0.471179
-0.855706 -0.460565
-0.847009 -0.45143
-0.838333 -0.443699
-0.82965 -0.43697
-0.820966 -0.430827
-0.812282 -0.424808
-0.803603 -0.418381
-0.794904 -0.410926
-0.786217 -0.402025
-0.777544 -0.391423
-0.768836 -0.378888
-0.760175 -0.364815
-0.751487 -0.349297
-0.742802 -0.332871
-0.734098 -0.316208
-0.725427 -0.300234
-0.716744 -0.285544
-0.708054 -0.27259
-0.699361 -0.261666
-0.690668 -0.252789
-0.681999 -0.24574
-0.673296 -0.239852
-0.664622 -0.234469
-0.655942 -0.228688
-0.647239 -0.221603
-0.638555 -0.212794
-0.629876 -0.202044
-0.621184 -0.189472
-0.612503 -0.175803
-0.603818 -0.161813
-0.595132 -0.148531
-0.586449 -0.136724
-0.577755 -0.126755
-0.569071 -0.118676
-0.560383 -0.111974
-0.551696 -0.105915
-0.543012 -0.0994977
-0.534335 -0.0919705
-0.525638 -0.08279
-0.516955 -0.0721745
-0.508274 -0.060749
-0.499585 -0.0492838
-0.490905 -0.0387262
-0.48221 -0.0294462
-0.473531 -0.0216174
-0.464845 -0.0146829
-0.456155 -0.00782228
-0.447466 -0.000376991
-0.438791 0.00810959
-0.4301 0.0175482
-0.421418 0.027307
-0.412727 0.0368223
-0.404041 0.0454585
-0.395353 0.0532216
-0.386666 0.0604544
-0.377983 0.0677202
-0.369298 0.0755892
-0.360613 0.0838639
-0.351923 0.092117
-0.343241 0.100221
-0.33455 0.108223
-0.325865 0.116118
-0.317187 0.12388
-0.308494 0.131602
-0.299807 0.13924
-0.291129 0.14675
-0.282438 0.154264
-0.273754 0.161682
-0.265064 0.169071
-0.25638 0.176402
-0.247698 0.183694
-0.239012 0.190938
-0.230327 0.198153
-0.221639 0.205354
-0.212951 0.212504
-0.204266 0.219593
-0.195581 0.226627
-0.186893 0.233649
-0.178211 0.240591
-0.16952 0.247493
-0.160836 0.254377
-0.15215 0.261184
-0.143464 0.267947
-0.134778 0.274674
-0.126093 0.281349
-0.117407 0.287981
-0.108719 0.294577
-0.100037 0.301112
-0.0913488 0.307621
-0.0826626 0.314087
-0.0739767 0.320505
-0.0652946 0.32688
-0.0566044 0.333231
-0.0479199 0.339532
-0.0392344 0.345796
-0.0305468 0.352024
-0.0218606 0.358213
-0.013179 0.364355
-0.00449204 0.370468
0.00419236 0.376536
0.0128794 0.382576
0.0215614 0.388563
0.0302353 0.394484
0.0389379 0.400467
0.0476253 0.406351
0.0562949 0.412154
0.0649818 0.417985
0.0736817 0.423805
0.0823545 0.42952
0.0910687 0.435304
0.0997497 0.440972
0.10843 0.4466
0.117106 0.452186
0.125806 0.457808
0.134496 0.46336
0.143171 0.468858
0.15186 0.474349
0.160529 0.479751
0.169233 0.48521
0.177911 0.490578
0.186589 0.495907
0.195291 0.501289
0.203957 0.506537
0.212667 0.511875
0.221336 0.517065
0.23004 0.522316
0.238723 0.527473
0.247409 0.532615
0.256092 0.537741
0.264771 0.542816
0.273464 0.547904
0.282146 0.552929
0.290836 0.557935
0.299507 0.562873
0.308201 0.567849
0.316893 0.57279
0.325577 0.57768
0.334253 0.582518
0.342936 0.587358
0.351622 0.592174
0.360309 0.596972
0.368993 0.601731
0.377689 0.6065
0.386374 0.611212
0.395064 0.615913
0.403738 0.620541
0.412427 0.625196
0.42111 0.629804
0.429801 0.634405
0.438495 0.638998
0.447174 0.643524
0.455865 0.648052
0.464549 0.652552
0.473239 0.657039
0.481915 0.661457
0.490605 0.665894
0.499288 0.670291
0.507977 0.674688
0.516668 0.679048
0.525343 0.683356
0.534039 0.687703
0.542726 0.692
0.551401 0.696253
0.560098 0.700536
0.568776 0.704738
0.577469 0.708965
0.586148 0.713145
0.594834 0.717291
0.603523 0.721445
0.612211 0.725599
0.620896 0.729683
0.629583 0.73377
0.63827 0.737843
0.646952 0.741881
0.655638 0.745925
0.664322 0.749908
0.673012 0.7539
0.681693 0.757882
0.690382 0.761822
0.699066 0.765749
0.707749 0.769652
0.716437 0.773552
0.725127 0.777443
0.733807 0.78128
0.742497 0.78513
0.751179 0.788937
0.759864 0.792737
0.768557 0.796545
0.777238 0.8003
0.785927 0.804061
0.794614 0.807792
0.8033 0.811512
0.811984 0.815207
0.820668 0.818881
0.829355 0.822553
0.838043 0.8262
0.846727 0.829826
0.85541 0.833431
0.864096 0.837036
0.872785 0.840631
0.88147 0.844195
0.890158 0.847755
0.89884 0.851271
0.90753 0.85481
0.916212 0.858293
0.924899 0.861781
0.933583 0.865256
0.942271 0.868723
0.950958 0.872171
0.959642 0.875587
0.968329 0.879006
0.977014 0.882409
0.9857 0.885786
0.994388 0.889148
1.00307 0.892491
1.01174 0.895771
1.02044 0.899158
1.02914 0.902512
1.03782 0.905784
1.0465 0.909025
1.05519 0.912334
1.06386 0.915528
1.07254 0.91877
1.08124 0.922024
1.08994 0.925285
1.09861 0.928432
1.10731 0.931667
1.11598 0.934777
1.12467 0.937954
1.13335 0.94108
1.14205 0.944253
1.15073 0.947358
1.15942 0.950477
1.16811 0.953611
1.17679 0.956648
1.18549 0.959758
1.19415 0.962762
1.20284 0.965811
1.21152 0.968816
1.22021 0.971862
1.22891 0.974904
1.23759 0.977885
1.24628 0.980854
1.25496 0.983815
1.26366 0.986815
1.27233 0.989709
1.28101 0.992636
1.2897 0.995573
1.29839 0.998506
1.30707 1.00137
1.31576 1.00427
1.32445 1.00714
1.33314 1.01006
1.34183 1.0129
1.3505 1.01569
1.35919 1.01853
1.36788 1.02137
1.37656 1.02415
1.38525 1.02696
1.39394 1.02977
1.40262 1.03252
1.41132 1.03532
1.41999 1.03802
1.42869 1.0408
1.43737 1.04352
1.44606 1.04621
1.45474 1.04893
1.46343 1.05164
1.47211 1.05431
1.4808 1.05698
1.48948 1.05964
1.49817 1.06231
1.50686 1.06494
1.51554 1.06758
1.52423 1.07019
1.53291 1.07278
1.54159 1.07538
1.55028 1.07796
1.55897 1.08057
1.56765 1.0831
1.57634 1.08568
1.58503 1.08824
1.59372 1.09077
1.6024 1.09327
1.61109 1.0958
1.61977 1.0983
1.62846 1.1008
1.63714 1.10325
1.64582 1.10572
1.65451 1.10819
1.6632 1.11065
1.67189 1.11308
1.68057 1.11551
1.68926 1.11791
1.69794 1.12033
1.70663 1.12272
1.71532 1.12511
1.724 1.12745
1.73268 1.12981
1.74137 1.13217
1.75006 1.13452
1.75875 1.13685
1.76743 1.13916
1.77612 1.14146
1.7848 1.14376
1.79349 1.14603
1.80217 1.14829
1.81086 1.15054
1.81954 1.15279
1.82823 1.15503
1.83692 1.15725
1.84561 1.15946
1.85429 1.16164
1.86298 1.16383
1.87166 1.16599
1.88034 1.16813
1.88903 1.17029
1.89772 1.17242
1.90641 1.17453
1.91509 1.17662
1.92378 1.17872
1.93246 1.18079
1.94115 1.18284
1.94983 1.18488
1.95852 1.18692
1.96721 1.18892
1.97589 1.19092
1.98458 1.1929
1.99326 1.19487
2.00195 1.19682
2.01064 1.19876
2.01932 1.20066
2.028 1.20254
2.03671 1.20448
2.04536 1.20624
2.05408 1.20818
2.06273 1.20991
2.07144 1.21178
2.08012 1.21354
2.08881 1.21533
2.0975 1.21707
2.10619 1.21881
2.11488 1.2205
2.12356 1.22215
2.13223 1.22377
2.14092 1.22541
2.14962 1.22706
2.1583 1.22864
2.16699 1.23021
2.17566 1.23168
2.18435 1.2332
2.19304 1.23469
2.20172 1.23613
2.2104 1.23752
2.21909 1.23891
2.22778 1.2403
2.23646 1.2416
2.24514 1.24288
2.25385 1.24419
2.26252 1.24539
2.27121 1.24661
2.27989 1.24775
2.28858 1.24888
2.29728 1.24999
2.30595 1.251
2.31465 1.25202
2.32333 1.253
2.33201 1.2539
2.3407 1.25479
2.34939 1.25565
2.35807 1.2564
2.36676 1.25716
2.37544 1.25787
2.38412 1.25848
2.39282 1.25914
2.4015 1.25968
2.41019 1.26017
2.41886 1.2606
2.42755 1.261
2.43624 1.26135
2.44493 1.26164
2.45361 1.26184
2.46231 1.26206
2.47098 1.26213
2.47968 1.26219
2.48835 1.26217
2.49704 1.26208
2.50573 1.26196
2.51441 1.26176
2.52311 1.26152
2.53179 1.26116
2.54048 1.26079
2.54916 1.26032
2.55784 1.25977
2.56653 1.25918
2.57522 1.25853
2.5839 1.25778
2.59259 1.25698
2.60128 1.25612
2.60996 1.25517
2.61864 1.25417
2.62734 1.25312
2.63602 1.25197
2.6447 1.25077
2.6534 1.24953
2.66208 1.24818
2.67077 1.24679
2.67945 1.24533
2.68813 1.24383
2.69682 1.24227
2.7055 1.24064
2.7142 1.23899
2.72288 1.23728
2.73156 1.2355
2.74025 1.23369
2.74894 1.23184
2.75762 1.22996
2.76631 1.22803
2.77499 1.22604
2.78368 1.22407
2.79236 1.22205
2.80105 1.22003
2.80973 1.21795
2.81842 1.21589
2.82711 1.21384
2.83579 1.21172
2.84448 1.20964
2.85317 1.20754
2.86185 1.20543
2.87054 1.20333
2.87922 1.20122
2.88791 1.19912
2.8966 1.19704
2.90528 1.19495
2.91397 1.19286
2.92265 1.19079
2.93134 1.18874
2.94002 1.18668
2.94871 1.18466
2.9574 1.18263
2.96609 1.18061
2.97477 1.1786
2.98345 1.17659
2.99214 1.17458
3.00082 1.17257
3.00949 1.17052
